TXBounds2=[32.534645,-97.501294,33.117036,-96.344678]
TXBounds3=[29.4354,-95.8765,30.1296,-94.8326]
TXBounds4=[29.1765,-98.7179,29.6592,-98.3162]
PABounds=[39.82109,-75.61849,40.088365,-75.002071]
NCBounds=[35.0653,-81.0721,35.4207,-80.5622]
NCBounds2=[35.6072,-78.9126,35.9601,-78.4026]
ALBounds=[33.1771,-87.3292,33.844,-86.2853]
COBounds=[39.4545,-105.4689,40.1897,-104.5323]
MNBounds=[44.841931,-93.414053,45.136137,-93.009855]
NDBounds=[46.7276,-97.0029,47.012,-96.724]
NDBounds2=[46.748208,-100.907716,46.886436,-100.679106]
WABounds=[47.433272,-122.431003,47.757231,-122.062777]
CABounds=[32.52772,-116.880905,32.904912,-117.2813]
NYBounds=[40.477399,-74.259090,40.917577,-73.700272]
MDBounds=[39.0066,-77.2713,39.7264,-76.2169]
DEBounds=[38.3138,-75.8749,39.9628,-74.9226]
DCBounds=[38.5361,-77.7016,39.5842,-76.3133]
